24
0
0
0
1
3
0
6
6
7
8
12
34
56
78
123
456
12
345678
34756844
324
111111111111111555555555553333333
423333333333333334444444444444423
99999999999999999999999999999999999999999999999999999999999999
999999999999999999999999999999999999999999999999999999999999999999999
432432
-313
-1
1
2
-2
-3332434
424242
99999999999999999
-9999999999999999999999999999
-999999999999999
99999999999999999999999999999999
-1
1000000000000000000000000000000
-1000000000000000000000000000000000000000
1
-1
-2
-3
0
0
-4322222222224
-99999999999999999999999999999999999999999
-999999999999999999999999999999999999999999999999999
