13
1
1
1111222222222221111111
-111
11111111111111111111111111111111111111111111111
11111111111111111111111111111
11111111111111111111111111111111111
11111111111111111111111111111111111
2
-2
99999999999999999999999999999999999999999999999999999999999999999999999999999999999999999
999999999999999999999
222222222222222222222222222222222222222222222222222222222222222222222222222222222222222222222222
11111111111111111111111111111111111111111111111111
111111111111111111111111111111111111111111111111111111111111111111
22222222222222222222222222222222222222222222222222222222222222222
22222222222222222222222222222222222222222222
111111111111111111111111111111111111111111111111111
123456789987451464648943146574156486165798146546167616786146578651867641687468484168765146845798416878654687416874654168761456786468789641687465464167468468486765413135
164135454634536435453
123456789987451464648943146574156486165798146546167616786146578651867641687468484168765146845798416878654687416874654168761456786468789641687465464167468468486765413135
1
123456789987451464648943146574156486165798146546167616786146578651867641687468484168765146845798416878654687416874654168761456786468789641687465464167468468486765413135
3
123456789987451464648943146574156486165798146546167616786146578651867641687468484168765146845798416878654687416874654168761456786468789641687465464167468468486765413135
12
